matrix H
63.7778 17.7222 0 0 17.7222 1.77778 0 0 0 0 0 0 0 0 0 0 
0 117.056 17.7222 0 -2.05554 32.7083 1.77778 0 0 0 0 0 0 0 0 0 
0 0 118.793 17.7222 0.726556 -1.89369 32.4421 1.77778 0 0 0 0 0 0 0 0 
0 0 0 58.8185 -0.107494 0.691653 -1.79452 17.2192 0 0 0 0 0 0 0 0 
0 0 0 0 116.709 32.3736 -0.317442 0.0118083 17.7222 1.77778 0 0 0 0 0 0 
0 0 0 0 0 213.827 32.3824 -0.316707 -2.14419 32.6141 1.77778 0 0 0 0 0 
0 0 0 0 0 0 216.956 32.3688 0.712463 -2.01508 32.3872 1.77778 0 0 0 0 
0 0 0 0 0 0 0 109.976 -0.121281 0.683777 -1.91837 17.1674 0 0 0 0 
0 0 0 0 0 0 0 0 118.599 32.2533 -0.180542 0.00652461 17.7222 1.77778 0 0 
0 0 0 0 0 0 0 0 0 217.433 32.2534 -0.181196 -2.12606 32.5726 1.77778 0 
0 0 0 0 0 0 0 0 0 0 220.521 32.2491 0.6739 -1.98688 32.3659 1.77778 
0 0 0 0 0 0 0 0 0 0 0 111.937 -0.105295 0.643957 -1.89623 17.1446 
0 0 0 0 0 0 0 0 0 0 0 0 61.5199 17.8522 -0.17314 0.00437992 
0 0 0 0 0 0 0 0 0 0 0 0 0 112.721 17.857 -0.174012 
0 0 0 0 0 0 0 0 0 0 0 0 0 0 114.548 17.8527 
0 0 0 0 0 0 0 0 0 0 0 0 0 0 0 59.2513 
matrix C
674.074 337.037 0 0 337.037 168.519 0 0 0 0 0 0 0 0 0 0 
337.037 1348.15 337.037 0 168.519 674.074 168.519 0 0 0 0 0 0 0 0 0 
0 337.037 1348.15 337.037 0 168.519 674.074 168.519 0 0 0 0 0 0 0 0 
0 0 337.037 674.074 0 0 168.519 337.037 0 0 0 0 0 0 0 0 
337.037 168.519 0 0 1348.15 674.074 0 0 337.037 168.519 0 0 0 0 0 0 
168.519 674.074 168.519 0 674.074 2696.3 674.074 0 168.519 674.074 168.519 0 0 0 0 0 
0 168.519 674.074 168.519 0 674.074 2696.3 674.074 0 168.519 674.074 168.519 0 0 0 0 
0 0 168.519 337.037 0 0 674.074 1348.15 0 0 168.519 337.037 0 0 0 0 
0 0 0 0 337.037 168.519 0 0 1348.15 674.074 0 0 337.037 168.519 0 0 
0 0 0 0 168.519 674.074 168.519 0 674.074 2696.3 674.074 0 168.519 674.074 168.519 0 
0 0 0 0 0 168.519 674.074 168.519 0 674.074 2696.3 674.074 0 168.519 674.074 168.519 
0 0 0 0 0 0 168.519 337.037 0 0 674.074 1348.15 0 0 168.519 337.037 
0 0 0 0 0 0 0 0 337.037 168.519 0 0 674.074 337.037 0 0 
0 0 0 0 0 0 0 0 168.519 674.074 168.519 0 337.037 1348.15 337.037 0 
0 0 0 0 0 0 0 0 0 168.519 674.074 168.519 0 337.037 1348.15 337.037 
0 0 0 0 0 0 0 0 0 0 168.519 337.037 0 0 337.037 674.074 
vector P
32432.8 45647.7 46150.2 33896.1 45332.8 50055.9 50659.5 47174.1 45432 50083.4 50514.6 46921.8 32568.9 45418.8 45529 33251.7 
matrix calculated
63.7778 17.7222 0 0 17.7222 1.77778 0 0 0 0 0 0 0 0 0 0 22310.5 
0 117.056 17.7222 0 -2.05554 32.7083 1.77778 0 0 0 0 0 0 0 0 0 33146.6 
0 0 118.793 17.7222 0.726556 -1.89369 32.4421 1.77778 0 0 0 0 0 0 0 0 31327.5 
0 0 0 58.8185 -0.107494 0.691653 -1.79452 17.2192 0 0 0 0 0 0 0 0 26061.4 
0 0 0 0 116.709 32.3736 -0.317442 0.0118083 17.7222 1.77778 0 0 0 0 0 0 31915.1 
0 0 0 0 0 213.827 32.3824 -0.316707 -2.14419 32.6141 1.77778 0 0 0 0 0 30986.8 
0 0 0 0 0 0 216.956 32.3688 0.712463 -2.01508 32.3872 1.77778 0 0 0 0 27059 
0 0 0 0 0 0 0 109.976 -0.121281 0.683777 -1.91837 17.1674 0 0 0 0 35171.5 
0 0 0 0 0 0 0 0 118.599 32.2533 -0.180542 0.00652461 17.7222 1.77778 0 0 30953.2 
0 0 0 0 0 0 0 0 0 217.433 32.2534 -0.181196 -2.12606 32.5726 1.77778 0 28637.1 
0 0 0 0 0 0 0 0 0 0 220.521 32.2491 0.6739 -1.98688 32.3659 1.77778 25397.1 
0 0 0 0 0 0 0 0 0 0 0 111.937 -0.105295 0.643957 -1.89623 17.1446 33606.9 
0 0 0 0 0 0 0 0 0 0 0 0 61.5199 17.8522 -0.17314 0.00437992 24578.9 
0 0 0 0 0 0 0 0 0 0 0 0 0 112.721 17.857 -0.174012 33715.9 
0 0 0 0 0 0 0 0 0 0 0 0 0 0 114.548 17.8527 31102.5 
0 0 0 0 0 0 0 0 0 0 0 0 0 0 0 59.2513 28074.1 
